$GPVTG,,T,,M,2.921,N,5.410,K,A*2B
$GPGGA,103553.00,5120.33836,N,00030.55204,W,1,04,5.38,24.3,M,46.0,M,,*7C
$GPGSA,A,3,28,11,01,08,,,,,,,,,9.49,5.38,7.81*05
$GPGSV,3,1,12,01,40,265,19,03,03,211,,08,81,201,17,10,43,059,*78
$GPGSV,3,2,12,11,54,278,19,14,11,130,,16,01,178,,22,21,207,17*70
$GPGSV,3,3,12,27,44,137,,28,22,319,19,30,02,284,,32,24,105,*7F
$GPGLL,5120.33836,N,00030.55204,W,103553.00,A,A*74
$GPRMC,103554.00,A,5120.33870,N,00030.55231,W,1.476,,211016,,,A*6F

$GPVTG,,T,,M,1.476,N,2.734,K,A*25
$GPGGA,103554.00,5120.33870,N,00030.55231,W,1,04,5.38,24.5,M,46.0,M,,*79
$GPGSA,A,3,28,11,01,08,,,,,,,,,9.49,5.38,7.81*05
$GPGSV,3,1,12,01,40,265,19,03,03,211,,08,81,201,17,10,43,059,*78
$GPGSV,3,2,12,11,54,278,19,14,11,130,,16,01,178,,22,21,207,16*71
$GPGSV,3,3,12,27,44,137,,28,22,319,19,30,02,284,,32,24,105,*7F
$GPGLL,5120.33870,N,00030.55231,W,103554.00,A,A*77
$GPRMC,103555.00,A,5120.33949,N,00030.55110,W,0.444,,211016,,,A*65

$GPVTG,,T,,M,0.444,N,0.822,K,A*2F
$GPGGA,103555.00,5120.33949,N,00030.55110,W,1,04,5.38,25.2,M,46.0,M,,*75
$GPGSA,A,3,28,11,01,08,,,,,,,,,9.49,5.38,7.82*06
$GPGSV,3,1,12,01,40,265,18,03,03,211,,08,81,201,17,10,43,059,*79
$GPGSV,3,2,12,11,54,278,18,14,11,130,,16,01,178,,22,21,207,16*70
$GPGSV,3,3,12,27,44,137,,28,22,319,19,30,02,284,,32,24,105,*7F
$GPGLL,5120.33949,N,00030.55110,W,103555.00,A,A*7D
$GPRMC,103556.00,A,5120.33934,N,00030.55178,W,0.875,,211016,,,A*6C

$GPVTG,,T,,M,0.875,N,1.620,K,A*2C
$GPGGA,103556.00,5120.33934,N,00030.55178,W,1,04,5.38,26.3,M,46.0,M,,*70
$GPGSA,A,3,28,11,01,08,,,,,,,,,9.49,5.38,7.82*06
$GPGSV,3,1,12,01,40,265,18,03,03,211,,08,81,201,17,10,43,059,*79
$GPGSV,3,2,12,11,54,278,18,14,11,130,,16,01,178,,22,21,207,16*70
$GPGSV,3,3,12,27,44,137,,28,22,319,18,30,02,284,,32,24,105,*7E
$GPGLL,5120.33934,N,00030.55178,W,103556.00,A,A*7A
$GPRMC,103557.00,A,5120.33920,N,00030.55254,W,0.753,,211016,,,A*6E
